0 0.016117 0.133196 0.034411 0.135774 0.028077 0.180720 0.009783 0.178141
0 0.000000 0.398432 0.044916 0.398432 0.044916 0.416987 0.000000 0.416987
0 0.075190 0.452143 0.049997 0.453151 0.048509 0.415977 0.073702 0.414969
0 0.076166 0.501948 0.051957 0.503159 0.049998 0.464003 0.074207 0.462792
0 0.079654 0.553974 0.054954 0.554962 0.053227 0.511814 0.077927 0.510825
0 0.060191 0.574590 0.000800 0.576967 -0.000000 0.556964 0.059391 0.554587
0 0.529058 0.501140 0.482416 0.516596 0.475842 0.496758 0.522484 0.481301
0 0.853429 0.325266 0.805659 0.359370 0.795637 0.345332 0.843407 0.311229
0 0.536127 0.479487 0.512200 0.487682 0.493955 0.434419 0.517883 0.426223
0 0.512690 0.411127 0.491674 0.419766 0.465690 0.356554 0.486706 0.347916
0 0.675932 0.247372 0.632807 0.274409 0.622555 0.258056 0.665680 0.231019
0 0.930071 0.100054 0.955755 0.133784 0.936518 0.148432 0.910834 0.114702
0 0.988046 0.177030 0.968744 0.191401 0.944767 0.159197 0.964069 0.144826
0 0.849334 0.111419 0.860693 0.129110 0.842768 0.140620 0.831409 0.122929
