0 0.167267 0.018017 0.121472 0.038468 0.113548 0.020724 0.159343 0.000273
0 0.055664 0.209961 0.039000 0.215483 0.029618 0.187172 0.046282 0.181650
0 0.377930 0.347656 0.428711 0.347656 0.428711 0.363281 0.377930 0.363281
0 0.488378 0.383579 0.446388 0.383999 0.446192 0.364468 0.488183 0.364048
0 0.492867 0.476275 0.511141 0.476275 0.511141 0.591891 0.492867 0.591891
0 0.000000 0.906250 0.051758 0.906250 0.051758 0.920898 0.000000 0.920898
0 0.075639 0.909110 0.098011 0.912035 0.095703 0.929688 0.073331 0.926763
0 0.164906 0.925619 0.133789 0.929688 0.131410 0.911490 0.162527 0.907422
0 0.241421 0.913590 0.332249 0.914498 0.332039 0.935479 0.241211 0.934570
0 0.371094 0.927734 0.333343 0.934604 0.329698 0.914576 0.367449 0.907706
0 0.489784 0.917831 0.459961 0.919922 0.458423 0.897982 0.488246 0.895891
0 0.372076 0.927911 0.391602 0.927911 0.391602 0.971680 0.372076 0.971680
0 0.372070 0.979492 0.390625 0.979492 0.390625 0.999023 0.372070 0.999023
0 0.832381 0.935962 0.811523 0.938477 0.806750 0.898889 0.827608 0.896374
0 0.841743 0.987916 0.817865 0.991038 0.811826 0.944847 0.835704 0.941725
