0 0.057586 0.179656 0.040866 0.185949 0.029904 0.156826 0.046624 0.150533
0 0.410211 0.336730 0.380134 0.337633 0.379597 0.319761 0.409674 0.318859
0 0.489138 0.356650 0.452117 0.357390 0.451694 0.336222 0.488714 0.335482
0 0.492767 0.449024 0.509320 0.449024 0.509320 0.561412 0.492767 0.561412
0 0.073987 0.879985 0.098446 0.882439 0.096648 0.900359 0.072189 0.897905
0 0.167039 0.896283 0.135254 0.900115 0.132924 0.880790 0.164709 0.876957
0 0.001922 0.878875 0.050750 0.878875 0.050750 0.891570 0.001922 0.891570
0 0.243133 0.884734 0.333953 0.884734 0.333953 0.904266 0.243133 0.904266
0 0.369109 0.901336 0.333305 0.904928 0.331253 0.884482 0.367058 0.880889
0 0.494458 0.887086 0.460041 0.888808 0.459001 0.868019 0.493417 0.866297
0 0.373187 0.899198 0.392019 0.899386 0.391570 0.944305 0.372738 0.944116
0 0.370990 0.947138 0.388641 0.947138 0.388641 0.999969 0.370990 0.999969
0 0.832976 0.908172 0.809065 0.910330 0.805357 0.869245 0.829269 0.867088
0 0.839812 0.957976 0.814795 0.960234 0.811057 0.918818 0.836075 0.916561
0 0.844695 0.995086 0.821788 0.997616 0.818079 0.964038 0.840987 0.961508
