0 0.162288 0.261507 0.178783 0.278490 0.102539 0.352539 0.086045 0.335556
0 0.159180 0.400391 0.142175 0.417899 0.108013 0.384720 0.125018 0.367212
0 0.496617 0.274009 0.564273 0.361040 0.548828 0.373047 0.481172 0.286016
0 0.495117 0.490234 0.513155 0.495617 0.505541 0.521130 0.487504 0.515747
0 0.559414 0.510664 0.581109 0.519330 0.563477 0.563477 0.541781 0.554811
0 0.520614 0.732724 0.531441 0.747865 0.476563 0.787109 0.465735 0.771969
0 0.372570 0.800899 0.425753 0.826589 0.416992 0.844727 0.363809 0.819036
0 0.454057 0.813356 0.525301 0.867516 0.513672 0.882813 0.442428 0.828653
0 0.236680 0.955517 0.215456 0.965251 0.200484 0.932603 0.221707 0.922870
0 0.763624 0.862525 0.709528 0.957179 0.684486 0.942867 0.738582 0.848213
0 0.771485 0.794922 0.789682 0.804628 0.772461 0.836914 0.754264 0.827208
0 0.801914 0.729073 0.819044 0.735914 0.794289 0.797891 0.777160 0.791050
0 0.760634 0.682534 0.766158 0.690424 0.543261 0.846476 0.537737 0.838585
0 0.770099 0.608467 0.790251 0.609071 0.788398 0.670808 0.768246 0.670204
0 0.586230 0.383430 0.698524 0.384553 0.698342 0.402760 0.586048 0.401637
