0 0.647687 0.060676 0.660879 0.069896 0.641528 0.097583 0.628336 0.088363
0 0.644986 0.095867 0.673255 0.116049 0.662036 0.131763 0.633767 0.111581
0 0.457872 0.317721 0.473811 0.327276 0.454028 0.360279 0.438089 0.350724
0 0.416034 0.484026 0.361533 0.486207 0.360728 0.466092 0.415229 0.463911
0 0.481454 0.476273 0.440413 0.480806 0.438122 0.460068 0.479164 0.455536
0 0.514575 0.513599 0.487736 0.516292 0.483200 0.471079 0.510039 0.468386
0 0.517505 0.560474 0.494292 0.562803 0.490215 0.522160 0.513427 0.519831
0 0.522388 0.600513 0.499654 0.602794 0.496430 0.570661 0.519164 0.568380
0 0.109302 0.559497 0.084609 0.561975 0.080249 0.518522 0.104942 0.516044
0 0.115161 0.606372 0.092113 0.609151 0.086831 0.565345 0.109879 0.562566
0 0.121021 0.645435 0.095282 0.648017 0.092238 0.617678 0.117977 0.615095
0 0.303638 0.653247 0.263675 0.656854 0.262110 0.639518 0.302073 0.635912
0 0.956637 0.576114 0.937427 0.577075 0.935533 0.539224 0.954742 0.538263
0 0.972769 0.582935 0.999296 0.583200 0.999110 0.601755 0.972583 0.601489
0 0.956174 0.529638 0.937427 0.530200 0.936289 0.492271 0.955036 0.491708
0 0.953314 0.481972 0.934497 0.482349 0.933672 0.441090 0.952489 0.440714
0 0.949146 0.421802 0.999927 0.421802 0.999927 0.441333 0.949146 0.441333
