0 0.053680 0.123016 0.036661 0.129228 0.026331 0.100929 0.043350 0.094717
0 0.377683 0.262195 0.415775 0.266402 0.414031 0.282195 0.375938 0.277988
0 0.424891 0.275021 0.488325 0.278831 0.487151 0.298379 0.423716 0.294568
0 0.495131 0.830552 0.458953 0.832000 0.458101 0.810710 0.494279 0.809262
0 0.001117 0.821005 0.045025 0.821444 0.044891 0.834930 0.000983 0.834491
0 0.072976 0.822587 0.096086 0.825609 0.093719 0.843719 0.070608 0.840697
0 0.164363 0.841110 0.132358 0.843033 0.131285 0.825166 0.163290 0.823243
0 0.241163 0.827185 0.332000 0.828094 0.331788 0.849235 0.240951 0.848327
0 0.368133 0.844695 0.332248 0.848296 0.330065 0.826533 0.365949 0.822933
0 0.370311 0.843627 0.389089 0.843815 0.388641 0.888641 0.369863 0.888453
0 0.369475 0.893127 0.388524 0.893508 0.387664 0.936492 0.368615 0.936111
0 0.368133 0.946258 0.385711 0.946258 0.385711 0.982391 0.368133 0.982391
0 0.831023 0.851531 0.808444 0.853797 0.804426 0.813752 0.827006 0.811487
0 0.837859 0.898406 0.814121 0.900788 0.810283 0.862532 0.834021 0.860150
0 0.843719 0.937469 0.819810 0.940594 0.816125 0.912407 0.840033 0.909281
0 0.489764 0.393541 0.509062 0.393927 0.506805 0.506805 0.487506 0.506419
